function err=error_cal(count)
    err=zeros(5,3);
    err(1,:)=[-0.12,0.02,-0.03];
    err(2,:)=[-0.17,0.02,-0.02];
    err(3,:)=[-0.08,0.04,0.011];
    %err(4,:)=[-0.01,-0.04,0.016];
    err(4,:)=[-0.038,0.05,0.01];
    err(5,:)=[-0.055,0.02,0.02];
end