function err=error_cal(count)
    err=zeros(5,3);
    err(1,:)=[-0.07,0.02,-0.03];
    err(2,:)=[-0.07,0.02,-0.026];
    err(3,:)=[-0.08,-0.025,0.015];
    err(4,:)=[-0.038,0.05,0.01];
    err(5,:)=[-0.038,0.05,0.03];
end